27 +0.3270 +0.1210 -0.2600 +0.2675 +0.0972 +0.1246 -0.0020 -0.0640 +0.3850 0.3414790316455542 -0.9398890422512576 0.0008119128205959872 -0.9398893929321761 -0.34147890423675337 0.00029498279887252136 0.0 -0.0008638386885748972 -0.9999996268912904
18 +0.4190 +0.0340 -0.2920 +0.2675 +0.0972 +0.1245 +0.1110 -0.1210 +0.4160 0.34147903164555415 -0.9398893731531578 0.00019282162361779483 -0.9398893929321761 -0.34147902445947453 7.005562761796115e-05 0.0 -0.00020515352664662867 -0.999999978956015
43 +0.3300 +0.0360 -0.2620 +0.2675 +0.0972 +0.1244 +0.0790 -0.0380 +0.3860 0.341479031645554 -0.9398893926084647 2.4667916555402856e-05 -0.9398893929321762 -0.3414790315279437 8.962305906839991e-06 0.0 -2.6245552658538118e-05 -0.9999999996555855
27 +0.3270 +0.1210 -0.2620 +0.2675 +0.0972 +0.1244 -0.0020 -0.0640 +0.3860 0.34147903164555404 -0.9398893926084647 2.466791655621156e-05 -0.9398893929321762 -0.34147903152794373 8.96230590713381e-06 0.0 -2.624555265939854e-05 -0.9999999996555855
27 +0.3270 +0.1210 -0.2600 +0.2676 +0.0972 +0.1247 -0.0020 -0.0640 +0.3850 0.34147903164555393 -0.9398889813155407 0.0008796294957283117 -0.9398893929321762 -0.341478882097691 0.0003195855072596253 0.0 -0.0009358861822922893 -0.9999995620584309
27 +0.3270 +0.1210 -0.2620 +0.2675 +0.0972 +0.1245 -0.0020 -0.0640 +0.3860 0.34147903164555427 -0.9398893754781679 0.0001811344092403608 -0.9398893929321761 -0.3414790253041934 6.580944856939289e-05 0.0 -0.00019271885671065525 -0.999999981429721
27 +0.3270 +0.1210 -0.2610 +0.2675 +0.0972 +0.1244 -0.0020 -0.0640 +0.3850 0.34147903164555427 -0.9398893821545347 -0.0001423361574106872 -0.9398893929321761 -0.34147902772983973 -5.1713333043495727e-05 0.0 0.0001514392634718864 -0.9999999885330747
27 +0.3270 +0.1210 -0.2620 +0.2675 +0.0972 +0.1244 -0.0020 -0.0640 +0.3860 0.3414790316455539 -0.9398893847797763 0.00012379300626819847 -0.9398893929321762 -0.34147902868363766 4.4976266593538265e-05 0.0 -0.00013171018547405988 -0.9999999913262135
27 +0.3280 +0.1210 -0.2620 +0.2675 +0.0972 +0.1244 -0.0020 -0.0650 +0.3860 0.34147903164555443 -0.9398893926084646 2.4667916555089806e-05 -0.9398893929321761 -0.3414790315279441 8.962305906726269e-06 0.0 -2.624555265820505e-05 -0.9999999996555855
27 +0.3270 +0.1210 -0.2620 +0.2675 +0.0972 +0.1244 -0.0020 -0.0640 +0.3860 0.3414790316455544 -0.9398893926084645 2.466791655441154e-05 -0.9398893929321761 -0.341479031527944 8.96230590647984e-06 0.0 -2.6245552657483406e-05 -0.9999999996555854
27 +0.3260 +0.1200 -0.2610 +0.2676 +0.0970 +0.1248 -0.0020 -0.0620 +0.3860 0.3408701456960055 -0.9401092293665755 0.0014766966403288594 -0.9401103891422453 -0.3408697251784725 0.0005354283972938182 0.0 -0.0015707694089799329 -0.999998766340971
18 +0.4110 +0.0400 -0.2510 +0.2683 +0.0979 +0.1295 +0.1030 -0.1070 +0.3830 0.34263750770809603 -0.9393156067703247 0.016903525942277908 -0.9394676888065839 -0.3425820411811554 0.006164961359872431 0.0 -0.017992663445137363 -0.9998381189283343
18 +0.4080 +0.0400 -0.2540 +0.2683 +0.0975 +0.1286 +0.1020 -0.1060 +0.3840 0.3414790316455545 -0.9397875644479089 0.013834907136721471 -0.939889392932176 -0.34144203549211033 0.005026475165567417 0.0 -0.014719718342134563 -0.9998916590770863
18 +0.4090 +0.0390 -0.2540 +0.2686 +0.0973 +0.1297 +0.1030 -0.1050 +0.3860 0.34058053900486907 -0.9400558090033811 0.017319711607047913 -0.940215345785822 -0.3405227489213543 0.006273835819609121 0.0 -0.0184210050226018 -0.9998303188911393
18 +0.4070 +0.0390 -0.2560 +0.2684 +0.0974 +0.1291 +0.1020 -0.1040 +0.3870 0.34104466119949756 -0.9399203298699208 0.015437375571622412 -0.9400470940688663 -0.3409986717447624 0.0056006071981407266 0.0 -0.016421917230554722 -0.9998651512251404
18 +0.4090 +0.0400 -0.2550 +0.2687 +0.0974 +0.1308 +0.1020 -0.1030 +0.3880 0.34087014569600527 -0.9398731430147786 0.021119157480960344 -0.9401103891422454 -0.34078412375329575 0.007657494663025779 0.0 -0.022464550679233974 -0.9997476401386403
18 +0.4080 +0.0390 -0.2550 +0.2688 +0.0975 +0.1311 +0.1020 -0.1020 +0.3890 0.34087014569600504 -0.9398479684769162 0.022211256673089586 -0.9401103891422455 -0.34077499583758675 0.008053473704460723 0.0 -0.02362622190927502 -0.9997208618600962
18 +0.4060 +0.0390 -0.2550 +0.2687 +0.0974 +0.1306 +0.1020 -0.1010 +0.3880 0.34087014569600516 -0.9398857763005098 0.020549240403769323 -0.9401103891422454 -0.3407887043961622 0.007450851146072417 0.0 -0.021858327108286085 -0.9997610782262065
18 +0.4080 +0.0400 -0.2540 +0.2689 +0.0975 +0.1319 +0.1020 -0.1010 +0.3890 0.34087014569600527 -0.9397848240300853 0.02473920564459774 -0.9401103891422454 -0.3407521005935394 0.008970070674542367 0.0 -0.026315213543347538 -0.9996536948044398
18 +0.4060 +0.0390 -0.2560 +0.2688 +0.0975 +0.1312 +0.1020 -0.1000 +0.3900 0.3408701456960054 -0.9398431963819033 0.022412273151806144 -0.9401103891422454 -0.34077326554639886 0.008126359311490272 0.0 -0.023840044116792553 -0.9997157857593874
18 +0.4070 +0.0390 -0.2550 +0.2690 +0.0975 +0.1325 +0.1020 -0.0990 +0.3910 0.34087014569600516 -0.9397291594993233 0.026770329842558182 -0.9401103891422454 -0.34073191745661185 0.0097065263177112 0.0 -0.028475730245873965 -0.9995944841719386
43 +0.3300 +0.0370 -0.2600 +0.2690 +0.0975 +0.1321 +0.0780 -0.0260 +0.3930 0.3408701456960047 -0.9397644052591435 0.02550306611199346 -0.9401103891422457 -0.3407446970486931 0.009247035201070097 0.0 -0.02712773564311144 -0.9996319752583335
43 +0.3300 +0.0370 -0.2600 +0.2689 +0.0980 +0.1327 +0.0780 -0.0250 +0.3940 0.3423166493098389 -0.9391883687891542 0.027285885297205152 -0.9395846484512637 -0.3421722736792382 0.009941001956330232 0.0 -0.029040369425129525 -0.9995782395308793
27 +0.3270 +0.1220 -0.2600 +0.2691 +0.0977 +0.1331 -0.0030 -0.0510 +0.3950 0.34134799973285135 -0.9395008524114942 0.028630253167879247 -0.9399369888872239 -0.3411896121862807 0.010397377447897507 0.0 -0.030459757948002597 -0.9995359939220543
27 +0.3290 +0.1220 -0.2600 +0.2693 +0.0976 +0.1340 -0.0030 -0.0510 +0.3960 0.34087014569600493 -0.9395754476772217 0.031709965237018696 -0.9401103891422455 -0.34067618381958326 0.011497565174468396 0.0 -0.03373004447483108 -0.9994309801580727
18 +0.4080 +0.0400 -0.2550 +0.2693 +0.0977 +0.1345 +0.1020 -0.0970 +0.3930 0.34087014569600566 -0.9395235771425213 0.03321131985490381 -0.9401103891422453 -0.3406573763296075 0.012041934190331342 0.0 -0.03532704269464115 -0.9993758052176623
18 +0.4060 +0.0390 -0.2570 +0.2692 +0.0976 +0.1336 +0.1020 -0.0960 +0.3940 0.34087014569600516 -0.9396216553864283 0.030309874662436818 -0.9401103891422454 -0.3406929380526517 0.010989913005470711 0.0 -0.03224076131111739 -0.9994801315234234
43 +0.3310 +0.0370 -0.2590 +0.2693 +0.0977 +0.1345 +0.0780 -0.0230 +0.3950 0.34087014569600527 -0.9395272720710433 0.03310662785497563 -0.9401103891422454 -0.3406587160561309 0.01200397441701015 0.0 -0.035215681304386015 -0.9993797355311282
18 +0.4060 +0.0370 -0.2580 +0.2696 +0.0962 +0.1327 +0.1020 -0.0960 +0.3940 0.3360446446347717 -0.9413785138662152 0.0296730592175142 -0.9418460579162021 -0.33587782791052206 0.010587157589253588 0.0 -0.03150521146010282 -0.999503587612798
18 +0.4070 +0.0380 -0.2580 +0.2694 +0.0971 +0.1337 +0.1020 -0.0960 +0.3950 0.3389295547192288 -0.9402877954484054 0.031394564316184884 -0.9408117542515215 -0.3387407973795922 0.01130996254692204 0.0 -0.03336965569819156 -0.9994430779582117
18 +0.4090 +0.0420 -0.2530 +0.2692 +0.0983 +0.1349 +0.1010 -0.0980 +0.3920 0.3429112168489072 -0.9387689472885447 0.03353745616410407 -0.9393678179282073 -0.34269260231276655 0.01224266968035384 0.0 -0.03570215577330671 -0.9993624748173899
18 +0.4060 +0.0380 -0.2560 +0.2695 +0.0964 +0.1330 +0.1010 -0.0970 +0.3920 0.33679780474832116 -0.9411218370788184 0.029273306784542635 -0.9415769956390777 -0.3366349966034559 0.010470928568158528 0.0 -0.03108965801004296 -0.9995165997445058
18 +0.4060 +0.0390 -0.2570 +0.2693 +0.0970 +0.1331 +0.1010 -0.0970 +0.3930 0.3386777607868437 -0.9404536171007593 0.029058018351362 -0.9409024255194635 -0.338516212228623 0.010459431627789674 0.0 -0.030883136830388486 -0.9995230021662911
27 +0.3290 +0.1190 -0.2600 +0.2703 +0.0942 +0.1332 -0.0040 -0.0510 +0.3950 0.32908096283460186 -0.9437907553965168 0.031060101865958444 -0.9443017102069928 -0.3289028995110063 0.010824176338248812 0.0 -0.0328921376825104 -0.9994589072486546
18 +0.4060 +0.0290 -0.2590 +0.2717 +0.0890 +0.1306 +0.0990 -0.0980 +0.3930 0.31128484839630816 -0.9499351342028356 0.026925526288789664 -0.9503166541521239 -0.311159878072937 0.008819700604189363 0.0 -0.02833321521952356 -0.9995985338701354
18 +0.4070 +0.0430 -0.2560 +0.2697 +0.0959 +0.1330 +0.0960 -0.0990 +0.3920 0.33496098020242043 -0.9417679236044927 0.029568899396427324 -0.9422319999563981 -0.33479600228856254 0.010511665413393287 0.0 -0.031381760965235345 -0.9995074712470742
18 +0.4070 +0.0260 -0.2590 +0.2735 +0.0827 +0.1298 +0.0930 -0.1000 +0.3920 0.2893836535032723 -0.9568239670950202 0.027294634594474284 -0.9572131952105017 -0.28926598248215823 0.008251684284658008 0.0 -0.028514686938129696 -0.9995933736419127
18 +0.4080 +0.0310 -0.2590 +0.2732 +0.0838 +0.1300 +0.0900 -0.1020 +0.3920 0.2931308792909122 -0.9556811357594424 0.027346925963971414 -0.9560723234181275 -0.29301094152098683 0.00838454189852812 0.0 -0.02860340718388471 -0.9995908388423099
18 +0.4080 +0.0240 -0.2600 +0.2753 +0.0753 +0.1282 +0.0840 -0.1040 +0.3910 0.2637258581087175 -0.9642592804227608 0.02554822661947353 -0.9645976735223969 -0.2636333397323734 0.006985013724709334 0.0 -0.026485888698217275 -0.9996491873151628
18 +0.4030 +0.0320 -0.2610 +0.2743 +0.0774 +0.1259 +0.0790 -0.1050 +0.3890 0.27165878396140747 -0.9622479346289562 0.016745668064238894 -0.9623936331338697 -0.2716176570489809 0.004726868161148495 0.0 -0.017400019584200177 -0.9998486081994962
18 +0.4100 +0.0190 -0.2570 +0.2780 +0.0643 +0.1275 +0.0740 -0.1070 +0.3880 0.22526541648241025 -0.9738495243730629 0.02953973621015376 -0.9742974351485312 -0.2251618559025064 0.006829825000151396 0.0 -0.03031901259767808 -0.9995402730631227
18 +0.4080 +0.0120 -0.2630 +0.2794 +0.0544 +0.1239 +0.0660 -0.1100 +0.3890 0.1912525002288862 -0.981299705876611 0.021757031108972452 -0.9815408708536797 -0.19120550941454353 0.0042393411427988715 0.0 -0.022166199854774887 -0.9997542996076577
18 +0.4090 +0.0280 -0.2590 +0.2788 +0.0587 +0.1251 +0.0570 -0.1120 +0.3870 0.2060438511403997 -0.9782546884306892 0.023742282337804895 -0.9785427591103175 -0.20598319442235785 0.0049992207721119225 0.0 -0.02426289716699878 -0.9997056125785548
27 +0.3350 +0.0970 -0.2650 +0.2813 +0.0393 +0.1211 -0.0500 -0.0530 +0.3870 0.13826143457644216 -0.9901872886851825 0.020320163265868055 -0.9903957672106966 -0.13823233051423767 0.002836739631752433 0.0 -0.020517215378551945 -0.9997894997813841
27 +0.3350 +0.0980 -0.2620 +0.2823 +0.0257 +0.1184 -0.0670 -0.0520 +0.3810 0.09072105245895142 -0.9957036633138577 0.01854468937738939 -0.9958763430470372 -0.09070532190440843 0.0016893600792780746 0.0 -0.018621477964472027 -0.999826605246339
05 +0.3390 -0.0570 -0.2620 +0.2819 +0.0331 +0.1199 +0.0960 -0.0390 +0.3830 0.1167318687267196 -0.9929704347451631 0.019580259078208963 -0.9931634663153734 -0.11670918068323216 0.0023013736508375113 0.0 -0.01971504162436777 -0.9998056396789076
27 +0.3360 +0.0970 -0.2650 +0.2824 +0.0065 +0.1141 -0.0890 -0.0500 +0.3800 0.023019188327907017 -0.9996312240716138 0.014405999785208224 -0.9997350233780571 -0.02301679831882716 0.0003317023154665391 0.0 -0.014409818050117956 -0.9998961731818772
27 +0.3190 +0.1200 -0.2680 +0.2808 +0.0184 +0.1098 -0.0990 -0.0480 +0.3770 0.06535993806250427 -0.9978304870122777 -0.007899220550555901 -0.9978617531985409 -0.06535789012751622 -0.0005173988924532612 0.0 0.007916147227044007 -0.9999686668156557
43 +0.3410 +0.0120 -0.2560 +0.2823 -0.0123 +0.1143 -0.0270 -0.0480 +0.3720 -0.04338412214480749 -0.9987315897154093 0.025554444823861155 -0.9990584657294709 0.04336992755119089 -0.001109701978023519 0.0 -0.025578527884454055 -0.9996728159309246
27 +0.3350 +0.0950 -0.2650 +0.2796 -0.0240 +0.1067 -0.1230 -0.0430 +0.3720 -0.08554976682918122 -0.9963233738349868 0.004579535515953267 -0.9963338985478075 0.08554886312939838 -0.00039321977917923593 0.0 -0.004596386334569269 -0.9999894365605385
05 +0.3430 -0.0540 -0.2560 +0.2813 -0.0126 +0.1103 +0.0390 -0.0590 +0.3670 -0.0446163993521116 -0.998939481121193 0.011370574575402357 -0.9990041926382757 0.04461350927926694 -0.0005078197868012442 0.0 -0.011381908763939963 -0.9999352239784782
05 +0.3350 -0.0830 -0.2610 +0.2761 -0.0447 +0.1037 +0.0280 -0.0620 +0.3650 -0.15994093413227178 -0.9871069448590769 0.006227118103577849 -0.9871265864056628 0.15993775167588573 -0.0010089598438076356 0.0 -0.00630832781665025 -0.9999801023021198
05 +0.3350 -0.0820 -0.2600 +0.2744 -0.0520 +0.1023 +0.0180 -0.0630 +0.3630 -0.18631558437781287 -0.9824743906208795 0.005529447719749564 -0.9824899505938746 0.18631263364487183 -0.0010485830237438845 0.0 -0.005627994175825657 -0.9999841627153686
05 +0.3430 -0.0590 -0.2550 +0.2770 -0.0407 +0.1045 +0.0090 -0.0650 +0.3600 -0.14554376556137888 -0.9893272025840171 0.006978433455845981 -0.9893518142229357 0.14554014493770046 -0.001026598898674951 0.0 -0.007053540869409569 -0.999975123471181
05 +0.3340 -0.0850 -0.2600 +0.2696 -0.0683 +0.0985 +0.0000 -0.0660 +0.3590 -0.24555685913985978 -0.969381997219107 0.0006102432811795878 -0.9693821892986104 0.24555681048367434 -0.00015458239803857379 0.0 -0.0006295177360552962 -0.9999998018536904
05 +0.3350 -0.0570 -0.2620 +0.2728 -0.0519 +0.0968 -0.0070 -0.0670 +0.3580 -0.18689623757000476 -0.9822788957947074 -0.014070083813061527 -0.9823796600002345 0.1868770673330164 0.002676812065668377 0.0 0.014322450256205599 -0.9998974284488676
05 +0.3430 -0.0840 -0.2550 +0.2678 -0.0779 +0.1009 -0.0150 -0.0680 +0.3570 -0.27928962204213936 -0.9600901275907686 0.014975110093097438 -0.9602069084419039 0.279255654696676 -0.0043557204193909 0.0 -0.015595711675723156 -0.9998783794928899
05 +0.3340 -0.0820 -0.2620 +0.2643 -0.0821 +0.0941 -0.0210 -0.0680 +0.3560 -0.29652509743509653 -0.9550128641544325 -0.004826581673809325 -0.9550250607136477 0.2965213105335183 0.001498602141429972 0.0 0.005053879602073097 -0.9999872290689356
05 +0.3430 -0.0620 -0.2560 +0.2693 -0.0696 +0.0985 -0.0260 -0.0690 +0.3550 -0.250121966257079 -0.9682116652884253 0.0022744658949139665 -0.9682143368054889 0.2501212761153661 -0.0005875701899824658 0.0 -0.002349134699263289 -0.9999972407792758
05 +0.3370 -0.0820 -0.2610 +0.2620 -0.0893 +0.0942 -0.0310 -0.0690 +0.3550 -0.3225947788727513 -0.9465361532671982 -0.0013853527261059294 -0.9465371670695455 0.32259443335293925 0.00047215003476569196 0.0 0.0014636009808203787 -0.9999989289355109
05 +0.3380 -0.0790 -0.2590 +0.2616 -0.0903 +0.0943 -0.0360 -0.0690 +0.3530 -0.32627164458992935 -0.945275055370239 -0.001372454507224166 -0.945276051710072 0.32627130069310123 0.00047371663376724734 0.0 0.0014519086829093975 -0.9999989459800328
05 +0.3430 -0.0670 -0.2590 +0.2641 -0.0841 +0.0954 -0.0400 -0.0700 +0.3540 -0.30342872590484554 -0.9528541244361014 -0.00016075096500860455 -0.9528541379958226 0.3034287215868615 5.118985010982775e-05 0.0 0.00016870469319335557 -0.9999999857693631
05 +0.3390 -0.0810 -0.2600 +0.2587 -0.0969 +0.0928 -0.0430 -0.0700 +0.3530 -0.35059240645810974 -0.9365271253106354 -0.0013813367833483761 -0.9365281440159242 0.3505920251024175 0.0005171079909318531 0.0 0.001474954908909698 -0.9999989122534167
05 +0.3420 -0.0670 -0.2590 +0.2623 -0.0884 +0.0942 -0.0460 -0.0690 +0.3530 -0.3195220472068829 -0.9475767038089455 -0.0020128952523259624 -0.9475788417586806 0.31952132629370283 0.0006787450114889765 0.0 0.0021242509473829996 -0.9999977437764112
05 +0.3410 -0.0700 -0.2610 +0.2602 -0.0934 +0.0932 -0.0490 -0.0690 +0.3540 -0.33774904236646 -0.9412334165304689 -0.002289101771495842 -0.9412362001009839 0.3377480435223062 0.0008214111730075176 0.0 0.0024320162901195763 -0.9999970426440093
05 +0.3420 -0.0710 -0.2610 +0.2603 -0.0939 +0.0940 -0.0490 -0.0690 +0.3550 -0.3392678429102768 -0.94068970469356 0.0004585308613387863 -0.9406898164469559 0.3392678026054569 -0.00016537308421364557 0.0 -0.0004874410813446306 -0.9999998812005891
43 +0.3380 +0.0180 -0.2670 +0.2600 -0.0944 +0.0937 -0.1320 -0.0350 +0.3610 -0.3414790316455544 -0.9398893916373299 -4.933583309421426e-05 -0.9398893929321761 0.341479031175113 1.792461180765203e-05 0.0 5.249110529942369e-05 -0.9999999986223419
05 +0.3420 -0.0720 -0.2610 +0.2600 -0.0944 +0.0937 -0.0490 -0.0690 +0.3550 -0.34147903164555454 -0.9398893916373297 -4.933583309457948e-05 -0.939889392932176 0.34147903117511313 1.7924611807784728e-05 0.0 5.249110529981227e-05 -0.9999999986223418
05 +0.3420 -0.0720 -0.2610 +0.2600 -0.0944 +0.0937 -0.0490 -0.0690 +0.3550 -0.34147903164555377 -0.9398893916373301 -4.933583309369253e-05 -0.9398893929321763 0.3414790311751124 1.792461180746244e-05 0.0 5.249110529886858e-05 -0.9999999986223419
05 +0.3420 -0.0720 -0.2620 +0.2600 -0.0944 +0.0937 -0.0490 -0.0690 +0.3560 -0.3414790316455544 -0.9398893916373299 -4.933583309238816e-05 -0.9398893929321761 0.341479031175113 1.792461180698857e-05 0.0 5.24911052974808e-05 -0.9999999986223419
05 +0.3420 -0.0720 -0.2610 +0.2600 -0.0944 +0.0937 -0.0490 -0.0690 +0.3550 -0.34147903164555427 -0.9398893916373299 -4.933583309337947e-05 -0.9398893929321761 0.3414790311751129 1.792461180734873e-05 0.0 5.249110529853551e-05 -0.9999999986223419
43 +0.3380 +0.0180 -0.2660 +0.2600 -0.0944 +0.0937 -0.1320 -0.0350 +0.3600 -0.3414790316455548 -0.9398893916373297 -4.9335833095727306e-05 -0.9398893929321759 0.34147903117511347 1.7924611808201773e-05 0.0 5.2491105301033514e-05 -0.9999999986223419
05 +0.3420 -0.0720 -0.2620 +0.2600 -0.0944 +0.0937 -0.0490 -0.0690 +0.3560 -0.3414790316455545 -0.9398893916373298 -4.933583309437078e-05 -0.939889392932176 0.34147903117511313 1.7924611807708902e-05 0.0 5.2491105299590224e-05 -0.9999999986223419
05 +0.3420 -0.0720 -0.2610 +0.2600 -0.0944 +0.0937 -0.0490 -0.0690 +0.3550 -0.3414790316455543 -0.93988939163733 -4.933583309390122e-05 -0.9398893929321761 0.341479031175113 1.7924611807538292e-05 0.0 5.2491105299090624e-05 -0.999999998622342
05 +0.3410 -0.0720 -0.2610 +0.2601 -0.0941 +0.0937 -0.0480 -0.0690 +0.3550 -0.34026111672367476 -0.9403309896040041 -4.935901305857092e-05 -0.9403309908994586 0.3402611162549113 1.786068210686414e-05 0.0 5.249110529831347e-05 -0.999999998622342
05 +0.3410 -0.0720 -0.2610 +0.2603 -0.0934 +0.0937 -0.0470 -0.0690 +0.3550 -0.33780086780711754 -0.9412176003814685 -4.940555224040347e-05 -0.9412176016781445 0.33780086734174347 1.7731540922675145e-05 0.0 5.2491105300533913e-05 -0.999999998622342
05 +0.3420 -0.0690 -0.2620 +0.2612 -0.0911 +0.0937 -0.0470 -0.0690 +0.3560 -0.32932182146394234 -0.944217737310191 -4.9563032742227515e-05 -0.9442177386110003 0.3293218210102494 1.728646640758759e-05 0.0 5.249110529859102e-05 -0.9999999986223418
05 +0.3410 -0.0720 -0.2610 +0.2605 -0.0931 +0.0937 -0.0470 -0.0690 +0.3550 -0.3364789012449524 -0.9416910037658982 -4.943040170582348e-05 -0.9416910050632264 0.3364789007813995 1.7662149436115075e-05 0.0 5.249110529892409e-05 -0.9999999986223419
05 +0.3410 -0.0700 -0.2620 +0.2612 -0.0909 +0.0937 -0.0460 -0.0690 +0.3560 -0.3287614257617544 -0.9444130041849212 -4.957328251768748e-05 -0.9444130054859995 0.3287614253088335 1.725705061824966e-05 0.0 5.249110530003431e-05 -0.9999999986223419
05 +0.3410 -0.0710 -0.2610 +0.2612 -0.0909 +0.0937 -0.0450 -0.0690 +0.3550 -0.3288195505994777 -0.9443927682305453 -4.957222031012645e-05 -0.9443927695315957 0.3288195501464768 1.72601016552454e-05 0.0 5.2491105300089824e-05 -0.9999999986223419
05 +0.3410 -0.0720 -0.2620 +0.2608 -0.0920 +0.0937 -0.0450 -0.0690 +0.3560 -0.33259918667211247 -0.9430682788507586 -4.9502696398893895e-05 -0.9430682801499843 0.33259918621390444 1.745849893045933e-05 0.0 5.24911053004784e-05 -0.9999999986223418
05 +0.3410 -0.0710 -0.2610 +0.2616 -0.0898 +0.0937 -0.0440 -0.0690 +0.3550 -0.32451789497428146 -0.9458795554278105 -4.965026341114912e-05 -0.9458795567309092 0.32451789452720675 1.7034302996029837e-05 0.0 5.249110529753631e-05 -0.9999999986223419
05 +0.3410 -0.0700 -0.2620 +0.2617 -0.0894 +0.0937 -0.0440 -0.0690 +0.3560 -0.3233924385250862 -0.9462649355427054 -4.967049244167876e-05 -0.946264936846335 0.323392438079562 1.697522654383722e-05 0.0 5.24911052999788e-05 -0.9999999986223419
05 +0.3410 -0.0690 -0.2620 +0.2622 -0.0881 +0.0937 -0.0430 -0.0690 +0.3560 -0.3185742598323987 -0.9478979051018939 -4.9756208818406295e-05 -0.947897906407773 0.31857425939351225 1.6722315018566087e-05 0.0 5.24911052994792e-05 -0.9999999986223419
43 +0.3380 +0.0190 -0.2670 +0.2621 -0.0885 +0.0937 -0.1260 -0.0380 +0.3610 -0.31991731636133747 -0.9474454645090883 -4.97324597113119e-05 -0.9474454658143443 0.31991731592060074 1.679281354016097e-05 0.0 5.2491105299201646e-05 -0.9999999986223418
05 +0.3410 -0.0680 -0.2610 +0.2628 -0.0862 +0.0937 -0.0420 -0.0690 +0.3550 -0.31157518568425313 -0.9502215011132881 -4.9878176941692864e-05 -0.9502215024223685 0.31157518525500905 1.63549258805261e-05 0.0 5.2491105299701246e-05 -0.9999999986223419
05 +0.3410 -0.0710 -0.2610 +0.2623 -0.0877 +0.0937 -0.0410 -0.0690 +0.3550 -0.3171977638093795 -0.9483594129633751 -4.978043387582471e-05 -0.9483594142698901 0.3171977633723894 1.6650061220754216e-05 0.0 5.2491105299090624e-05 -0.9999999986223419
43 +0.3370 +0.0210 -0.2670 +0.2633 -0.0846 +0.0937 -0.1230 -0.0380 +0.3610 -0.30575352990090227 -0.9521106954841979 -4.997734284195599e-05 -0.952110696795881 0.30575352947967843 1.6049340733613886e-05 0.0 5.2491105299146135e-05 -0.9999999986223418
05 +0.3420 -0.0690 -0.2610 +0.2635 -0.0841 +0.0937 -0.0380 -0.0700 +0.3550 -0.30405395044891825 -0.9526548129914719 -5.000590417284548e-05 -0.9526548143039045 0.3040539500300359 1.5960127930108123e-05 0.0 5.249110530070045e-05 -0.9999999986223419
05 +0.3410 -0.0720 -0.2610 +0.2631 -0.0852 +0.0937 -0.0370 -0.0700 +0.3550 -0.30816740237154966 -0.9513321447433173 -4.993647585678167e-05 -0.9513321460539276 0.3081674019470004 1.6176047568881033e-05 0.0 5.249110530314294e-05 -0.999999998622342
05 +0.3420 -0.0660 -0.2610 +0.2647 -0.0801 +0.0937 -0.0360 -0.0700 +0.3550 -0.28957760639817137 -0.957154536816515 -5.024209964742611e-05 -0.9571545381351466 0.2895776059992325 1.5200248629303162e-05 0.0 5.2491105297702845e-05 -0.999999998622342
05 +0.3410 -0.0690 -0.2610 +0.2642 -0.0818 +0.0937 -0.0350 -0.0700 +0.3550 -0.29567094254510856 -0.9552898467062466 -5.0144220004221614e-05 -0.9552898480223094 0.2956709421377751 1.5520094579180798e-05 0.0 5.2491105299645735e-05 -0.9999999986223419
05 +0.3410 -0.0720 -0.2610 +0.2638 -0.0833 +0.0937 -0.0340 -0.0700 +0.3550 -0.301116959111327 -0.9535872138562154 -5.0054846924039673e-05 -0.9535872151699326 0.30111695869649074 1.580596200827193e-05 0.0 5.249110529981227e-05 -0.9999999986223418
43 +0.3380 +0.0190 -0.2680 +0.2642 -0.0818 +0.0937 -0.1180 -0.0410 +0.3620 -0.29563546893928994 -0.9553008253898589 -5.014479628735389e-05 -0.9553008267059367 0.2956354685320054 1.5518232530369593e-05 0.0 5.249110529953471e-05 -0.999999998622342
05 +0.3420 -0.0660 -0.2610 +0.2656 -0.0771 +0.0937 -0.0320 -0.0700 +0.3550 -0.2786612673382268 -0.9603894499337721 -5.041190381624552e-05 -0.9603894512568603 0.2786612669543269 1.4627237927263128e-05 0.0 5.249110530136658e-05 -0.999999998622342
05 +0.3410 -0.0700 -0.2610 +0.2650 -0.0792 +0.0937 -0.0310 -0.0700 +0.3550 -0.28641501161817784 -0.9581056510586248 -5.029202468761461e-05 -0.9581056523785668 0.28641501122359586 1.5034240534376224e-05 0.0 5.2491105300089824e-05 -0.9999999986223419
05 +0.3410 -0.0710 -0.2610 +0.2648 -0.0798 +0.0937 -0.0300 -0.0700 +0.3550 -0.2883449406875762 -0.9575266015383838 -5.026162973621196e-05 -0.957526602857528 0.28834494029033547 1.5135544643771476e-05 0.0 5.24911052979804e-05 -0.9999999986223419
05 +0.3410 -0.0670 -0.2610 +0.2661 -0.0754 +0.0937 -0.0290 -0.0700 +0.3550 -0.27244454970132354 -0.9621714840854737 -5.0505444757453534e-05 -0.962171485411017 0.2724445493259881 1.430091554680773e-05 0.0 5.2491105300089824e-05 -0.9999999986223419
05 +0.3410 -0.0690 -0.2600 +0.2657 -0.0770 +0.0937 -0.0290 -0.0700 +0.3540 -0.2783518575318726 -0.9604791725314616 -5.041661345270914e-05 -0.9604791738546735 0.2783518571483989 1.4610996663995706e-05 0.0 5.249110529942369e-05 -0.9999999986223419
05 +0.3410 -0.0690 -0.2610 +0.2660 -0.0758 +0.0937 -0.0270 -0.0700 +0.3550 -0.27408015446355616 -0.9617068505427714 -5.04810556317131e-05 -0.9617068518676745 0.2740801540859674 1.4386770249326491e-05 0.0 5.249110530269885e-05 -0.999999998622342
05 +0.3400 -0.0710 -0.2610 +0.2658 -0.0764 +0.0937 -0.0260 -0.0700 +0.3550 -0.2763039829232789 -0.961070292161696 -5.044764197369317e-05 -0.9610702934857223 0.2763039825426265 1.4503501461754508e-05 0.0 5.249110529753631e-05 -0.9999999986223419
05 +0.3410 -0.0680 -0.2610 +0.2667 -0.0735 +0.0937 -0.0250 -0.0700 +0.3550 -0.2656372749456182 -0.9640730447422404 -5.0605259775851635e-05 -0.9640730460704033 0.26563727457966085 1.3943594170135793e-05 0.0 5.249110529759182e-05 -0.999999998622342
05 +0.3410 -0.0680 -0.2610 +0.2668 -0.0729 +0.0937 -0.0240 -0.0700 +0.3550 -0.2635282523807876 -0.9646516768415222 -5.0635632815844816e-05 -0.9646516781704824 0.2635282520177358 1.383288924501988e-05 0.0 5.2491105299146135e-05 -0.9999999986223419
05 +0.3400 -0.0700 -0.2600 +0.2666 -0.0737 +0.0937 -0.0230 -0.0700 +0.3540 -0.2663940934949935 -0.9638641939563881 -5.059429697195333e-05 -0.9638641952842634 0.26639409312799356 1.3983320413603554e-05 0.0 5.2491105302476804e-05 -0.999999998622342
05 +0.3410 -0.0680 -0.2600 +0.2673 -0.0711 +0.0937 -0.0220 -0.0700 +0.3540 -0.2570816600888893 -0.9663896819982746 -5.07268626270203e-05 -0.966389683329629 0.2570816597347187 1.349450049003393e-05 0.0 5.249110529848e-05 -0.999999998622342
05 +0.3400 -0.0700 -0.2600 +0.2670 -0.0722 +0.0937 -0.0210 -0.0700 +0.3540 -0.2612062153104749 -0.9652830209404146 -5.066877276546544e-05 -0.9652830222702448 0.261206214950622 1.3711002952653575e-05 0.0 5.2491105299146135e-05 -0.9999999986223418
05 +0.3400 -0.0680 -0.2600 +0.2677 -0.0697 +0.0937 -0.0200 -0.0700 +0.3540 -0.25203893591606497 -0.9677170930607815 -5.079653990172478e-05 -0.9677170943939648 0.2520389355688415 1.3229802324682893e-05 0.0 5.249110529925716e-05 -0.9999999986223419
05 +0.3400 -0.0700 -0.2600 +0.2675 -0.0703 +0.0937 -0.0190 -0.0700 +0.3540 -0.2541576456340187 -0.9671628035591728 -5.076744463271367e-05 -0.9671628048915925 0.25415764528387635 1.3341015739487802e-05 0.0 5.249110529886858e-05 -0.9999999986223419
05 +0.3400 -0.0680 -0.2600 +0.2681 -0.0681 +0.0937 -0.0180 -0.0700 +0.3540 -0.2462994923175446 -0.9691937667442722 -5.08740521347835e-05 -0.9691937680794898 0.24629949197822812 1.2928532586175056e-05 0.0 5.249110529836898e-05 -0.9999999986223419
43 +0.3370 +0.0220 -0.2660 +0.2683 -0.0670 +0.0937 -0.1030 -0.0450 +0.3600 -0.24239893927946052 -0.9701766600175304 -5.0925645290612344e-05 -0.9701766613541023 0.24239893894551762 1.2723788246294418e-05 0.0 5.249110529986778e-05 -0.9999999986223418
05 +0.3400 -0.0690 -0.2600 +0.2682 -0.0676 +0.0937 -0.0160 -0.0700 +0.3540 -0.24436787880759187 -0.9696825961191102 -5.089971133062126e-05 -0.9696825974550013 0.24436787847093647 1.2827140058435328e-05 0.0 5.249110530003431e-05 -0.9999999986223419
05 +0.3400 -0.0670 -0.2600 +0.2688 -0.0651 +0.0937 -0.0150 -0.0700 +0.3540 -0.2354052874644847 -0.9718972929436192 -5.101596321408719e-05 -0.9718972942825612 0.23540528714017672 1.2356683732260964e-05 0.0 5.2491105299090624e-05 -0.999999998622342
05 +0.3400 -0.0660 -0.2610 +0.2692 -0.0636 +0.0937 -0.0140 -0.0700 +0.3550 -0.23007081567893853 -0.9731738884512664 -5.108297312280152e-05 -0.9731738897919672 0.23007081536197962 1.2076671411910347e-05 0.0 5.249110529848e-05 -0.999999998622342
05 +0.3400 -0.0690 -0.2590 +0.2687 -0.0655 +0.0937 -0.0130 -0.0700 +0.3530 -0.23669756819407192 -0.9715833770758252 -5.0999485423678464e-05 -0.9715833784143348 0.23669756786798363 1.2424516976231967e-05 0.0 5.2491105299590224e-05 -0.999999998622342
05 +0.3400 -0.0670 -0.2600 +0.2694 -0.0626 +0.0937 -0.0120 -0.0700 +0.3540 -0.22620467705944083 -0.9740797921433867 -5.11305250105285e-05 -0.9740797934853356 0.22620467674780814 1.1873733522899921e-05 0.0 5.2491105300089824e-05 -0.9999999986223419
05 +0.3400 -0.0690 -0.2590 +0.2692 -0.0634 +0.0937 -0.0110 -0.0700 +0.3530 -0.22926704077648072 -0.9733635607536929 -5.109292923210041e-05 -0.9733635620946551 0.22926704046062912 1.20344803789837e-05 0.0 5.24911052989796e-05 -0.9999999986223419
05 +0.3400 -0.0670 -0.2600 +0.2698 -0.0609 +0.0937 -0.0100 -0.0700 +0.3540 -0.2202548896498995 -0.9754423514301914 -5.1202047251408246e-05 -0.9754423527740174 0.2202548893464636 1.1561422604971249e-05 0.0 5.249110529781387e-05 -0.999999998622342
43 +0.3370 +0.0220 -0.2670 +0.2697 -0.0613 +0.0937 -0.0960 -0.0470 +0.3610 -0.2215818812059024 -0.9751417677964672 -5.118626928600423e-05 -0.9751417691398792 0.22158188090063832 1.1631077858872614e-05 0.0 5.2491105299645735e-05 -0.9999999986223419
05 +0.3400 -0.0680 -0.2600 +0.2698 -0.0611 +0.0937 -0.0090 -0.0700 +0.3540 -0.22098699067720576 -0.9752767542244984 -5.119335487238869e-05 -0.9752767555680965 0.2209869903727612 1.15998513973909e-05 0.0 5.2491105299201646e-05 -0.9999999986223418
43 +0.3360 +0.0240 -0.2670 +0.2704 -0.0582 +0.0937 -0.0940 -0.0470 +0.3610 -0.2104495947212387 -0.977604708176255 -5.131555174813623e-05 -0.9776047095230599 0.21044959443131114 1.1046731836593394e-05 0.0 5.2491105298757557e-05 -0.999999998622342
05 +0.3400 -0.0680 -0.2600 +0.2701 -0.0596 +0.0937 -0.0070 -0.0700 +0.3540 -0.21552969329363963 -0.9764972855473927 -5.1257421910776384e-05 -0.9764972868926721 0.2155296929967134 1.1313391825805002e-05 0.0 5.249110529931267e-05 -0.9999999986223419
05 +0.3400 -0.0680 -0.2600 +0.2702 -0.0589 +0.0937 -0.0060 -0.0700 +0.3540 -0.21304280486570698 -0.977042865315894 -5.1286059993507e-05 -0.9770428666619251 0.21304280457220684 1.1182852302946392e-05 0.0 5.249110529687018e-05 -0.9999999986223419
05 +0.3400 -0.0660 -0.2610 +0.2707 -0.0569 +0.0937 -0.0050 -0.0700 +0.3550 -0.20566920701546557 -0.9786215686601551 -5.136892787872702e-05 -0.978621570008361 0.20566920673212372 1.0795804002115102e-05 0.0 5.249110529853551e-05 -0.9999999986223419
05 +0.3400 -0.0650 -0.2600 +0.2708 -0.0561 +0.0937 -0.0050 -0.0700 +0.3540 -0.2028711676309375 -0.9792054364136994 -5.139957574266403e-05 -0.9792054377627097 0.2028711673514504 1.0648931822186173e-05 0.0 5.2491105298702045e-05 -0.9999999986223419
05 +0.3400 -0.0680 -0.2600 +0.2705 -0.0576 +0.0937 -0.0040 -0.0700 +0.3540 -0.2082105357873014 -0.978084030209724 -5.134071189101308e-05 -0.9780840315571893 0.20821053550045848 1.0929201158217945e-05 0.0 5.2491105298257956e-05 -0.999999998622342
05 +0.3400 -0.0670 -0.2600 +0.2709 -0.0559 +0.0937 -0.0030 -0.0700 +0.3540 -0.20214331282009185 -0.979355950836768 -5.140747641197502e-05 -0.9793559521859856 0.20214331254160747 1.0610725918847448e-05 0.0 5.2491105299590224e-05 -0.9999999986223419
05 +0.3400 -0.0660 -0.2600 +0.2712 -0.0542 +0.0937 -0.0020 -0.0700 +0.3540 -0.1958152045021158 -0.9806408124467016 -5.147492021851142e-05 -0.9806408137976894 0.1958152042323494 1.0278556518857445e-05 0.0 5.24911052999788e-05 -0.9999999986223419
43 +0.3370 +0.0220 -0.2660 +0.2712 -0.0545 +0.0937 -0.0880 -0.0490 +0.3600 -0.19701449791130765 -0.9804005737270791 -5.146230982267406e-05 -0.9804005750777359 0.19701449763988904 1.0341508755506776e-05 0.0 5.2491105300089824e-05 -0.9999999986223419
05 +0.3400 -0.0660 -0.2600 +0.2715 -0.0527 +0.0937 +0.0000 -0.0700 +0.3540 -0.19067068107505608 -0.9816540575596011 -5.152810657373768e-05 -0.9816540589119847 0.1906706808123771 1.0008514797781264e-05 0.0 5.2491105299201646e-05 -0.999999998622342
05 +0.3410 -0.0650 -0.2600 +0.2717 -0.0515 +0.0937 +0.0000 -0.0700 +0.3540 -0.18630088115268337 -0.9824927373889586 -5.157212980585155e-05 -0.9824927387424977 0.18630088089602445 9.779139170074681e-06 0.0 5.249110530003431e-05 -0.9999999986223419
05 +0.3400 -0.0670 -0.2600 +0.2715 -0.0530 +0.0937 +0.0010 -0.0700 +0.3540 -0.19144690631008396 -0.981502969638895 -5.152017580046391e-05 -0.9815029709910704 0.1914469060463356 1.0049259718073951e-05 0.0 5.249110529786938e-05 -0.999999998622342
05 +0.3400 -0.0660 -0.2600 +0.2719 -0.0508 +0.0937 +0.0020 -0.0700 +0.3540 -0.183598770168195 -0.9830012659861066 -5.1598823031246335e-05 -0.983001267340346 0.18359876991525872 9.637302377335741e-06 0.0 5.2491105297203244e-05 -0.9999999986223421
05 +0.3400 -0.0670 -0.2610 +0.2718 -0.0514 +0.0937 +0.0030 -0.0700 +0.3550 -0.18597834737146562 -0.9825538416030763 -5.1575337231848126e-05 -0.9825538429566995 0.18597834711525107 9.762209015071599e-06 0.0 5.2491105298257956e-05 -0.999999998622342
43 +0.3360 +0.0220 -0.2650 +0.2720 -0.0503 +0.0937 -0.0830 -0.0500 +0.3590 -0.1817462039427805 -0.9833454706704484 -5.161689071778429e-05 -0.9833454720251623 0.18174620369239636 9.540059128931023e-06 0.0 5.249110529942369e-05 -0.9999999986223419
05 +0.3400 -0.0660 -0.2600 +0.2723 -0.0485 +0.0937 +0.0050 -0.0700 +0.3540 -0.17548467764969047 -0.9844821609555541 -5.16765568469869e-05 -0.9844821623118339 0.17548467740793258 9.211384692886877e-06 0.0 5.2491105299090624e-05 -0.9999999986223419
05 +0.3410 -0.0630 -0.2590 +0.2726 -0.0467 +0.0937 +0.0050 -0.0700 +0.3530 -0.1688161075876201 -0.9856475633522219 -5.173773010731877e-05 -0.9856475647101073 0.16881610735504923 8.861344079620605e-06 0.0 5.249110529942369e-05 -0.9999999986223419
05 +0.3400 -0.0670 -0.2590 +0.2723 -0.0487 +0.0937 +0.0060 -0.0700 +0.3530 -0.1760890630807762 -0.9843742373678079 -5.167089181824259e-05 -0.984374238723939 0.17608906283818568 9.243109552132586e-06 0.0 5.2491105298757557e-05 -0.9999999986223419
05 +0.3400 -0.0640 -0.2590 +0.2728 -0.0457 +0.0937 +0.0070 -0.0690 +0.3530 -0.16509179185994602 -0.9862782049605746 -5.177083318325585e-05 -0.9862782063193287 0.16509179163250598 8.665850630728432e-06 0.0 5.249110530025636e-05 -0.9999999986223419
05 +0.3400 -0.0630 -0.2600 +0.2730 -0.0443 +0.0937 +0.0080 -0.0690 +0.3540 -0.16011653423186176 -0.9870981170992575 -5.181387127777851e-05 -0.9870981184591413 0.16011653401127593 8.404693858685646e-06 0.0 5.249110530031187e-05 -0.9999999986223419
05 +0.3390 -0.0660 -0.2600 +0.2728 -0.0456 +0.0937 +0.0090 -0.0690 +0.3540 -0.16480581852146275 -0.9863260310368939 -5.1773343625717684e-05 -0.9863260323957138 0.1648058182944167 8.650839573912922e-06 0.0 5.2491105299090624e-05 -0.999999998622342
43 +0.3360 +0.0250 -0.2660 +0.2732 -0.0434 +0.0937 -0.0770 -0.0510 +0.3600 -0.15704891240127286 -0.987590824393493 -5.183973402805879e-05 -0.9875908257540555 0.15704891218491315 8.243670998119796e-06 0.0 5.2491105300089824e-05 -0.9999999986223419
05 +0.3400 -0.0650 -0.2600 +0.2731 -0.0436 +0.0937 +0.0110 -0.0690 +0.3540 -0.15763304356099883 -0.9874977574105395 -5.183484883826317e-05 -0.9874977587709738 0.1576330433438344 8.274332688176528e-06 0.0 5.2491105299090624e-05 -0.9999999986223419
05 +0.3400 -0.0640 -0.2590 +0.2733 -0.0425 +0.0937 +0.0110 -0.0690 +0.3530 -0.15383601014208528 -0.9880963917014646 -5.186627181516862e-05 -0.9880963930627236 0.15383600993015187 8.075022207356583e-06 0.0 5.249110530036738e-05 -0.9999999986223419
05 +0.3390 -0.0660 -0.2590 +0.2732 -0.0434 +0.0937 +0.0120 -0.0690 +0.3530 -0.15700830419722447 -0.9875972811453658 -5.184007294736057e-05 -0.9875972825059371 0.15700830398092072 8.24153942816926e-06 0.0 5.249110529731427e-05 -0.999999998622342
05 +0.3400 -0.0640 -0.2600 +0.2736 -0.0408 +0.0937 +0.0130 -0.0690 +0.3540 -0.1475797193730036 -0.9890501623954567 -5.1916336292015376e-05 -0.9890501637580298 0.14757971916968918 7.74662258963496e-06 0.0 5.2491105299201646e-05 -0.9999999986223418
05 +0.3390 -0.0660 -0.2600 +0.2735 -0.0413 +0.0937 +0.0150 -0.0690 +0.3540 -0.14922414563066733 -0.9888033938386519 -5.190338313747819e-05 -0.9888033952008849 0.14922414542508747 7.832940341449625e-06 0.0 5.24911052989796e-05 -0.9999999986223419
05 +0.3400 -0.0650 -0.2600 +0.2738 -0.0392 +0.0937 +0.0160 -0.0690 +0.3540 -0.1417206956800187 -0.9899066833373715 -5.196129602264567e-05 -0.9899066847011245 0.14172069548477603 7.439075959960903e-06 0.0 5.249110529881307e-05 -0.9999999986223419
05 +0.3390 -0.0670 -0.2600 +0.2737 -0.0402 +0.0937 +0.0170 -0.0690 +0.3540 -0.1453530987782009 -0.9893798431231917 -5.1933641599371666e-05 -0.9893798444862189 0.14535309857795403 7.629744813757727e-06 0.0 5.249110530075596e-05 -0.9999999986223419
05 +0.3390 -0.0620 -0.2600 +0.2742 -0.0363 +0.0937 +0.0170 -0.0680 +0.3540 -0.13107589766487684 -0.9913723348688772 -5.203822969272394e-05 -0.9913723362346494 0.13107589748429907 6.88031874660902e-06 0.0 5.249110529992329e-05 -0.9999999986223419
05 +0.3390 -0.0650 -0.2600 +0.2740 -0.0376 +0.0937 +0.0180 -0.0680 +0.3540 -0.13610173538389242 -0.9906948646890299 -5.2002668532917144e-05 -0.9906948660538687 0.13610173519639077 7.144130523371979e-06 0.0 5.2491105298702045e-05 -0.9999999986223419
05 +0.3390 -0.0650 -0.2600 +0.2741 -0.0368 +0.0937 +0.0190 -0.0680 +0.3540 -0.13289958137440783 -0.9911295064540538 -5.2025483360538976e-05 -0.9911295078194914 0.13289958119131765 6.976045920202878e-06 0.0 5.2491105299645735e-05 -0.9999999986223419
27 +0.3300 +0.1060 -0.2530 +0.2743 -0.0354 +0.0937 -0.1470 -0.0370 +0.3470 -0.12790759517746686 -0.991786088017814 -5.205994805308309e-05 -0.9917860893841561 0.12790759500125393 6.714011047148775e-06 0.0 5.2491105300145335e-05 -0.9999999986223419
43 +0.3350 +0.0260 -0.2650 +0.2745 -0.0340 +0.0937 -0.0670 -0.0530 +0.3590 -0.12301869775954477 -0.9924043517074718 -5.209240139728944e-05 -0.9924043530746657 0.12301869759006706 6.457387417948873e-06 0.0 5.249110529986778e-05 -0.9999999986223419
05 +0.3390 -0.0660 -0.2600 +0.2743 -0.0353 +0.0937 +0.0220 -0.0680 +0.3540 -0.1277474581618276 -0.991806727252261 -5.206103142958855e-05 -0.9918067286186317 0.12774745798583526 6.7056052782338595e-06 0.0 5.249110530042289e-05 -0.9999999986223418
05 +0.3390 -0.0640 -0.2600 +0.2746 -0.0328 +0.0937 +0.0230 -0.0680 +0.3540 -0.11858291924523533 -0.9929441517762753 -5.2120736098754124e-05 -0.9929441531442128 0.1185829190818686 6.224548500768625e-06 0.0 5.249110529903511e-05 -0.9999999986223419
05 +0.3390 -0.0660 -0.2600 +0.2745 -0.0337 +0.0937 +0.0240 -0.0680 +0.3540 -0.12184746761075174 -0.9925488360390324 -5.20999855399477e-05 -0.9925488374064254 0.12184746744288759 6.395908252925546e-06 0.0 5.249110530025636e-05 -0.9999999986223419
05 +0.3390 -0.0660 -0.2600 +0.2746 -0.0328 +0.0937 +0.0250 -0.0680 +0.3540 -0.11870684597226722 -0.9929293439126605 -5.211995881751455e-05 -0.9929293452805775 0.11870684580872978 6.231053551633442e-06 0.0 5.249110529892409e-05 -0.999999998622342
05 +0.3400 -0.0630 -0.2600 +0.2750 -0.0300 +0.0937 +0.0260 -0.0680 +0.3540 -0.10830724385766193 -0.9941174670052637 -5.218232471223833e-05 -0.9941174683748178 0.10830724370845156 5.685166941998843e-06 0.0 5.2491105299201646e-05 -0.9999999986223418
05 +0.3380 -0.0650 -0.2590 +0.2748 -0.0310 +0.0937 +0.0270 -0.0670 +0.3530 -0.11222359726454988 -0.9936829783670387 -5.21595179250565e-05 -0.9936829797359942 0.11222359710994412 5.8907406612618045e-06 0.0 5.249110530092249e-05 -0.9999999986223418
05 +0.3390 -0.0610 -0.2600 +0.2752 -0.0278 +0.0937 +0.0270 -0.0670 +0.3540 -0.10033404431508884 -0.9949538063768584 -5.222622509181028e-05 -0.9949538077475646 0.10033404417686283 5.266644885388474e-06 0.0 5.249110530070045e-05 -0.9999999986223419
05 +0.3390 -0.0640 -0.2600 +0.2751 -0.0288 +0.0937 +0.0280 -0.0670 +0.3540 -0.10400080879528684 -0.9945772112030377 -5.220645719469266e-05 -0.9945772125732251 0.10400080865200927 5.459117405814095e-06 0.0 5.2491105300533913e-05 -0.9999999986223418
05 +0.3390 -0.0630 -0.2600 +0.2752 -0.0274 +0.0937 +0.0290 -0.0670 +0.3540 -0.09906812372756604 -0.9950806520744061 -5.223288336185781e-05 -0.9950806534452872 0.09906812359108402 5.200195314443999e-06 0.0 5.249110529986778e-05 -0.9999999986223418
43 +0.3350 +0.0250 -0.2640 +0.2752 -0.0278 +0.0937 -0.0590 -0.0540 +0.3580 -0.1006093439074166 -0.9949260058874192 -5.222476581200897e-05 -0.9949260072580871 0.10060934376881132 5.281095665138967e-06 0.0 5.249110529931267e-05 -0.9999999986223419
